Portland|40|65 185 450 565
San Francisco|5|70 190 970 1080
Seattle|41|140 260 275 390
Los Angeles|1|250 360 1190 1290
San Diego|4|355 470 1300 1420
Bosie|36|415 530 585 700
Las Vegas|0|460 570 1060 1160
Salt Lake City|3|625 740 800 910
Phoenix|2|625 735 1250 1350
Billings|35|820 940 470 585
Santa Fe|6|900 1015 1110 1220
Denver|38|955 1075 855 965
Cheyenne|37|985 1100 725 840
Fargo|17|1335 1450 405 515
Oklahoma City|27|1335 1460 1115 1220
Dallas|22|1370 1480 1280 1390
Omaha|39|1375 1495 755 865
Houston|23|1395 1510 1445 1555
Kansas City|24|1430 1550 915 1020
Minneapolis|19|1510 1625 505 605
Duluth|16|1545 1660 355 470
St. Louis|20|1660 1775 925 1030
Memphis|25|1660 1780 1135 1245
New Orleans|26|1660 1770 1440 1550
Chicago|14|1750 1860 725 835
Birningham|21|1810 1930 1240 1350
Cincinnati|15|1950 2060 885 990
Detroit|30|1960 2090 670 780
Knoxville|18|1960 2075 1070 1180
Atlanta|7|1970 2090 1230 1345
Tampa|13|2025 2115 1570 1685
Jacksonville|8|2130 2245 1415 1515
Savannah|12|2145 2260 1280 1380
Pittsburgh|33|2175 2295 810 915
Miami|9|2185 2300 1695 1800
Buffalo|29|2240 2355 630 745
Raleigh|11|2260 2375 1110 1210
Washington D.C.|34|2300 2415 910 1020
Norfolk|10|2395 2510 1025 1130
Philadelphia|32|2435 2555 840 950
New York|31|2495 2615 735 845
Boston|28|2610 2725 625 740


Las Vegas|460 570 1060 1160
Los Angeles|250 360 1190 1290
Phoenix|625 735 1250 1350
Salt Lake City|625 740 800 910
San Diego|355 470 1300 1420
San Francisco|70 190 970 1080
Santa Fe|900 1015 1130 1220
Atlanta|1970 2090 1230 1345
Jacksonville|2130 2245 1415 1515
Miami|2185 2300 1695 1800
Norfolk|2395 2510 1025 1130
Raleigh|2260 2375 1110 1210
Savannah|2145 2260 1280 1380
Tampa|2025 2115 1570 1685
Chicago|1750 1860 725 835
Cincinnati|1950 2060 885 990
Duluth|1545 1560 355 470
Fargo|1335 1450 405 515
Knoxville|1960 2075 1070 1180
Minneapolis|1510 1625 505 605
St. Louis|1660 1775 925 1030
Birningham|1810 1930 1240 1350
Dallas|1370 1480 1280 1390
Houston|1395 1510 1445 1555
Kansas City|1430 1550 915 1020
Memphis|1660 1780 1135 1245
New Orleans|1660 1770 1440 1550
Oklahoma City|1335 1460 1115 1220
Boston|2600 2725 635 740
Buffalo|2240 2355 630 745
Detroit|1960 2090 670 780
New York|2495 2615 735 845
Philadelphia|2435 2555 840 950
Pittsburgh|2175 2295 810 915
Washington D.C.|2300 2415 910 1020
Billings|820 940 470 585
Bosie|415 530 585 700
Cheyenne|985 1100 725 840
Denver|955 1075 855 965
Omaha|1375 1495 755 865
Portland|65 185 450 565
Seattle|140 260 275 390
